
model: [1, 2, 3, 4, -5, ... , -963, 964, 965, -966, -967]
cost: 1830
real_time: 140.604651927948
cpu_time: 402.307706263
