
model: [1, -2, 3, -4, -5, ... , -973, 974, -975, 976, -977]
cost: 1884
real_time: 415.59312891960144
cpu_time: 1216.881620825
