
model: [-1, 2, -3, -4, 5, ... , 161, -162, -163, -164, 165]
cost: 47
real_time: 0.8201613426208496
cpu_time: 0.8044574600000001
