
model: [-1, -2, 3, 4, 5, ... , -578, -579, -580, 581, 582]
cost: 1199
real_time: 1.527259111404419
cpu_time: 2.338494572
