
model: [1, 2, 3, 4, -5, ... , 425, -426, 427, -428, -429]
cost: 1109
real_time: 226.50172305107117
cpu_time: 226.492711567
