
model: [-1, 2, -3, -4, 5, ... , -702, 703, 704, -705, 706]
cost: 2801
real_time: 62.4156060218811
cpu_time: 189.535695229
