
model: [1, -2, 3, 4, 5, ... , 671, 672, -673, -674, 675]
cost: 984
real_time: 19.976401567459106
cpu_time: 19.975012822
