
model: [-1, 2, -3, -4, 5, ... , -161, -162, -163, -164, 165]
cost: 47
real_time: 0.4546241760253906
cpu_time: 0.4546211849999999
