
model: [1, -2, 3, -4, -5, ... , -973, 974, -975, 976, -977]
cost: 1884
real_time: 381.1384334564209
cpu_time: 381.124794505
