
model: [1, 2, 3, 4, -5, ... , 722, 723, 724, -725, -726]
cost: 1645
real_time: 3.5630269050598145
cpu_time: 7.5915325540000005
