
model: [-1, -2, -3, 4, -5, ... , -802, -803, -804, 805, 806]
cost: 3184
real_time: 197.51989364624023
cpu_time: 692.497787726
