
model: [1, -2, 3, 4, -5, ... , 886, -887, -888, 889, 890]
cost: 2491
real_time: 30.410444259643555
cpu_time: 90.222085073
