
model: [1, -2, -3, -4, 5, ... , -275, 276, -277, -278, -279]
cost: 3541
real_time: 1.0077533721923828
cpu_time: 2.560617503
