
model: [1, 2, 3, 4, 5, ... , -876, 877, -878, 879, -880]
cost: 1801
real_time: 422.5664188861847
cpu_time: 1440.238153559
