
model: [1, -2, 3, -4, -5, ... , -973, 974, -975, 976, -977]
cost: 1884
real_time: 2.109848976135254
cpu_time: 2.929675309
