
model: [-1, -2, 3, -4, 5, ... , -275, -276, -277, 278, -279]
cost: 3541
real_time: 26.53541874885559
cpu_time: 76.907307979
