
model: [-1, -2, -3, -4, -5, ... , -301, -302, -303, -304, -305]
cost: 151
real_time: 266.69115591049194
cpu_time: 266.678778174
