
model: [1, -2, -3, -4, -5, ... , -443, -444, -445, -446, 447]
cost: 2
real_time: 9.951196670532227
cpu_time: 9.924562598000001
