
model: [-1, -2, -3, 4, -5, ... , 426, -427, 428, -429, -430]
cost: 0
real_time: 0.22631287574768066
cpu_time: 0.20488366400000002
