
model: [-1, -2, -3, -4, -5, ... , -367, -368, -369, -370, -371]
cost: 4
real_time: 26.198001861572266
cpu_time: 26.549893783999998
