
model: [-1, -2, -3, 4, -5, ... , -513, -514, -515, 516, -517]
cost: 1
real_time: 2.119851589202881
cpu_time: 2.0949044260000003
