
model: [-1, -2, -3, -4, -5, ... , -287, -288, -289, -290, -291]
cost: 0
real_time: 0.07289004325866699
cpu_time: 0.07270668899999999
