
model: [-1, -2, 3, -4, -5, ... , 1225, 1226, -1227, -1228, -1229]
cost: 31
real_time: 670.3813509941101
cpu_time: 670.3515015840001
