
model: [-1, -2, -3, -4, -5, ... , -287, -288, -289, -290, -291]
cost: 0
real_time: 0.07249712944030762
cpu_time: 0.07249731999999998
