
model: [-1, -2, -3, -4, -5, ... , -1171, -1172, -1173, -1174, 1175]
cost: 72
real_time: 325.1137173175812
cpu_time: 325.100588958
