
model: [1, -2, -3, -4, -5, ... , -216, -217, 218, -219, -220]
cost: 0
real_time: 0.35526609420776367
cpu_time: 0.3317365309999999
