
model: [-1, -2, -3, -4, -5, ... , -293, -294, -295, -296, -297]
cost: 44
real_time: 15.174592971801758
cpu_time: 15.173947875
