
model: [-1, -2, -3, -4, -5, ... , -347, -348, 349, -350, -351]
cost: 1
real_time: 0.22802186012268066
cpu_time: 0.19512591099999999
