
model: [-1, -2, -3, -4, -5, ... , -307, -308, -309, -310, -311]
cost: 30
real_time: 1.2549693584442139
cpu_time: 1.2548582970000002
