
model: [-1, -2, -3, 4, -5, ... , -513, -514, -515, 516, -517]
cost: 1
real_time: 2.6656696796417236
cpu_time: 2.6395700570000002
