
model: [-1, -2, -3, -4, -5, ... , -347, -348, 349, -350, -351]
cost: 1
real_time: 0.21659326553344727
cpu_time: 0.21657960600000004
