
model: [-1, -2, -3, -4, -5, ... , -307, -308, -309, -310, -311]
cost: 30
real_time: 1882.7688975334167
cpu_time: 1882.68842656
