
model: [-1, -2, -3, -4, -5, ... , -441, -442, -443, -444, 445]
cost: 170
real_time: 2564.1922900676727
cpu_time: 2590.2136581970003
