
model: [-1, -2, -3, 4, -5, ... , 426, -427, 428, -429, -430]
cost: 0
real_time: 0.1883993148803711
cpu_time: 0.18839872999999996
