
model: [-1, -2, -3, -4, -5, ... , -1473, -1474, -1475, -1476, -1477]
cost: 0
real_time: 3.506868839263916
cpu_time: 3.479729342
