
model: [-1, -2, -3, 4, -5, ... , 426, -427, 428, -429, -430]
cost: 0
real_time: 1.0644800662994385
cpu_time: 1.0397958100000002
