
model: [-1, -2, -3, -4, -5, ... , -347, -348, 349, -350, -351]
cost: 1
real_time: 1.744058609008789
cpu_time: 1.7173692220000003
