
model: [-1, -2, -3, -4, -5, ... , -287, -288, -289, -290, -291]
cost: 0
real_time: 0.5133864879608154
cpu_time: 0.48651033099999996
