
model: [-1, -2, -3, -4, -5, ... , -287, -288, -289, -290, -291]
cost: 0
real_time: 0.5353264808654785
cpu_time: 0.511881493
