
model: [-1, -2, -3, 4, -5, ... , 426, -427, 428, -429, -430]
cost: 0
real_time: 1.118577003479004
cpu_time: 1.09418252
