
model: [-1, -2, -3, -4, -5, ... , -1473, -1474, -1475, -1476, -1477]
cost: 0
real_time: 20.637505054473877
cpu_time: 20.540301283999998
