
model: [-1, -2, -3, -4, -5, ... , -301, -302, -303, -304, -305]
cost: 151
real_time: 1127.5625479221344
cpu_time: 1161.888654027
