
model: [-1, -2, -3, -4, -5, ... , -293, -294, -295, -296, -297]
cost: 44
real_time: 261.3154709339142
cpu_time: 264.345860466
