
model: [1, -2, -3, 4, -5, ... , -353, -354, -355, -356, 357]
cost: 0
real_time: 0.9336898326873779
cpu_time: 0.9086905490000001
