
model: [-1, -2, -3, -4, -5, ... , -347, -348, 349, -350, -351]
cost: 1
real_time: 2.11889910697937
cpu_time: 2.0923263189999997
