
model: [-1, -2, -3, -4, -5, ... , -441, -442, -443, -444, 445]
cost: 170
real_time: 478.21734833717346
cpu_time: 478.19946269599996
