
model: [-1, -2, -3, 4, -5, ... , -513, -514, -515, 516, -517]
cost: 1
real_time: 0.35512614250183105
cpu_time: 0.334414537
