
model: [-1, -2, -3, -4, -5, ... , -367, -368, -369, -370, -371]
cost: 4
real_time: 0.4064323902130127
cpu_time: 0.40643033500000003
