
model: [-1, -2, -3, -4, -5, ... , -307, -308, -309, -310, -311]
cost: 30
real_time: 73.35660457611084
cpu_time: 73.36284583
