
model: [-1, -2, -3, -4, -5, ... , -293, -294, -295, -296, -297]
cost: 44
real_time: 3398.9343616962433
cpu_time: 3398.776546247
