
model: [-1, -2, -3, -4, -5, ... , -471, -472, -473, -474, -475]
cost: 45
real_time: 1132.4129271507263
cpu_time: 1135.1645905510002
