
model: [1, -2, -3, -4, -5, ... , -216, -217, 218, -219, -220]
cost: 0
real_time: 0.36021876335144043
cpu_time: 0.33652217100000004
