
model: [-1, -2, -3, -4, -5, ... , -471, -472, -473, -474, -475]
cost: 45
real_time: 17.658028602600098
cpu_time: 17.657070239
