
model: [1, -2, -3, -4, -5, ... , -443, -444, -445, -446, 447]
cost: 2
real_time: 0.3228006362915039
cpu_time: 0.31708245200000007
