
model: [1, -2, -3, -4, -5, ... , -443, -444, -445, -446, 447]
cost: 2
real_time: 0.3103368282318115
cpu_time: 0.310335339
