
model: [-1, -2, -3, -4, -5, ... , -367, -368, -369, -370, -371]
cost: 4
real_time: 6.71810507774353
cpu_time: 6.6924222669999995
