
model: [-1, -2, -3, -4, -5, ... , -367, -368, -369, -370, -371]
cost: 4
real_time: 0.5495645999908447
cpu_time: 0.526703424
