
model: [1, -2, -3, -4, -5, ... , -443, -444, -445, -446, 447]
cost: 2
real_time: 10.130610227584839
cpu_time: 10.138531646999999
