
model: [-1, -2, -3, -4, -5, ... , -306, -307, -308, -309, -310]
cost: 17418426
real_time: 59.54685878753662
cpu_time: 59.528720649
