
model: [1, -2, -3, -4, -5, ... , -443, -444, -445, -446, 447]
cost: 0
real_time: 1.589526891708374
cpu_time: 1.5237499340000003
