
model: [-1, -2, -3, 4, -5, ... , 430, -431, 432, -433, -434]
cost: 0
real_time: 1.6194028854370117
cpu_time: 1.551477945
