
model: [1, -2, -3, -4, -5, ... , -216, -217, 218, -219, -220]
cost: 0
real_time: 0.06649041175842285
cpu_time: 0.06649229300000004
