
model: [-1, -2, -3, -4, -5, ... , -312, -313, -314, -315, -316]
cost: 0
real_time: 0.14977669715881348
cpu_time: 0.14966056799999994
