
model: [1, -2, -3, -4, -5, ... , -443, -444, -445, -446, 447]
cost: 0
real_time: 1.4419760704040527
cpu_time: 1.4166750380000002
