
model: [1, -2, -3, 4, -5, ... , -353, -354, -355, -356, 357]
cost: 0
real_time: 1.2233750820159912
cpu_time: 1.198630112
