
model: [1, -2, -3, -4, -5, ... , -216, -217, 218, -219, -220]
cost: 0
real_time: 0.42347264289855957
cpu_time: 0.351427485
