
model: [-1, -2, -3, 4, -5, ... , 430, -431, 432, -433, -434]
cost: 0
real_time: 1.510545015335083
cpu_time: 1.4871745450000002
