
model: [1, -2, -3, -4, -5, ... , -443, -444, -445, -446, 447]
cost: 0
real_time: 0.32679200172424316
cpu_time: 0.307935847
