
model: [1, -2, -3, -4, -5, ... , -443, -444, -445, -446, 447]
cost: 0
real_time: 0.3039076328277588
cpu_time: 0.30389153700000004
