
model: [-1, -2, -3, 4, -5, ... , 430, -431, 432, -433, -434]
cost: 0
real_time: 0.2818148136138916
cpu_time: 0.2818153280000001
