
model: [1, -2, -3, 4, -5, ... , -353, -354, -355, -356, 357]
cost: 0
real_time: 1.1783192157745361
cpu_time: 1.1543099300000002
