
model: [-1, -2, -3, -4, -5, ... , -312, -313, -314, -315, -316]
cost: 0
real_time: 0.9290165901184082
cpu_time: 0.9032120359999999
