
model: [-1, -2, -3, 4, -5, ... , 430, -431, 432, -433, -434]
cost: 0
real_time: 0.31133508682250977
cpu_time: 0.29574662000000007
