
model: [1, -2, -3, 4, -5, ... , -353, -354, -355, -356, 357]
cost: 0
real_time: 0.2055652141571045
cpu_time: 0.190838991
