
model: [-1, -2, -3, -4, -5, ... , -312, -313, -314, -315, -316]
cost: 0
real_time: 0.8699889183044434
cpu_time: 0.8467036280000001
