
model: [-1, -2, -3, -4, -5, ... , -306, -307, -308, -309, -310]
cost: 17418426
real_time: 1.2837605476379395
cpu_time: 1.283710994
