
model: [1, -2, -3, 4, -5, ... , -353, -354, -355, -356, 357]
cost: 0
real_time: 0.18979310989379883
cpu_time: 0.189767786
