
model: [-1, 2, 3, 4, 5, ... , -578, -579, -580, 581, 582]
cost: 1199
real_time: 2593.2370772361755
cpu_time: 8191.437358068001
