
model: [-1, 2, -3, -4, 5, ... , 161, -162, -163, -164, 165]
cost: 47
real_time: 196.9255301952362
cpu_time: 610.952253553
