
model: [1, 2, 3, 4, -5, ... , 425, -426, 427, -428, -429]
cost: 1109
real_time: 10.473099708557129
cpu_time: 30.916250576000003
