
model: [1, -2, 3, -4, -5, ... , -963, -964, 965, -966, -967]
cost: 1830
real_time: 182.33068203926086
cpu_time: 182.325042056
