
model: [-1, 2, -3, -4, 5, ... , 161, -162, -163, -164, 165]
cost: 47
real_time: 127.9858648777008
cpu_time: 439.976570708
