
model: [-1, -2, -3, 4, -5, ... , -802, -803, -804, 805, 806]
cost: 3184
real_time: 0.09968423843383789
cpu_time: 0.09968412399999993
