
model: [1, -2, 3, 4, 5, ... , 671, 672, -673, -674, 675]
cost: 984
real_time: 1439.4910233020782
cpu_time: 4923.109313957
