
model: [1, 2, -3, -4, -5, ... , 1196, 1197, -1198, -1199, -1200]
cost: 1923
real_time: 1278.8744909763336
cpu_time: 4608.250671033
