
model: [-1, 2, 3, -4, 5, ... , 536, 537, -538, -539, 540]
cost: 3401
real_time: 5.380832195281982
cpu_time: 12.192349281
