
model: [-1, -2, 3, 4, 5, ... , -578, -579, -580, 581, 582]
cost: 1199
real_time: 0.21041274070739746
cpu_time: 0.2104044989999999
