
model: [-1, 2, -3, -4, 5, ... , -702, 703, 704, -705, 706]
cost: 2801
real_time: 62.510273456573486
cpu_time: 189.716894785
