
model: [1, -2, 3, -4, -5, ... , -963, -964, 965, -966, -967]
cost: 1830
real_time: 262.5049092769623
cpu_time: 262.130602573
