
model: [1, -2, 3, 4, -5, ... , 886, -887, -888, 889, 890]
cost: 2491
real_time: 30.45606780052185
cpu_time: 90.191560941
