
model: [-1, -2, 3, -4, 5, ... , -275, -276, -277, 278, -279]
cost: 3541
real_time: 26.45856261253357
cpu_time: 76.688609188
