
model: [1, 2, 3, 4, -5, ... , 425, -426, 427, -428, -429]
cost: 1109
real_time: 10.460180521011353
cpu_time: 30.870560581000003
