
model: [-1, 2, 3, 4, 5, ... , -578, -579, -580, 581, 582]
cost: 1199
real_time: 2592.495284318924
cpu_time: 8191.82149646
