
model: [-1, 2, -3, -4, -5, ... , -275, 276, -277, -278, -279]
cost: 3541
real_time: 0.05177497863769531
cpu_time: 0.051769924999999994
