
model: [1, 2, 3, 4, -5, ... , 722, 723, 724, -725, -726]
cost: 1645
real_time: 3.5569283962249756
cpu_time: 7.587500814
