
model: [1, 2, -3, -4, -5, ... , 1196, 1197, -1198, -1199, -1200]
cost: 1923
real_time: 1279.4045515060425
cpu_time: 4607.3328318720005
