
model: [1, 2, 3, 4, -5, ... , 425, -426, 427, -428, -429]
cost: 1109
real_time: 257.4215476512909
cpu_time: 257.36310361899996
