
model: [1, -2, 3, 4, 5, ... , 671, 672, -673, -674, 675]
cost: 984
real_time: 1440.4855778217316
cpu_time: 4925.172024966
