
model: [1, -2, -3, -4, 5, ... , -275, 276, -277, -278, -279]
cost: 3541
real_time: 1.002436637878418
cpu_time: 2.550989442
