
model: [1, 2, 3, 4, -5, ... , -963, 964, 965, -966, -967]
cost: 1830
real_time: 2.1271722316741943
cpu_time: 3.282152661
