
model: [-1, -2, 3, 4, 5, ... , -578, -579, -580, 581, 582]
cost: 1199
real_time: 0.23610734939575195
cpu_time: 0.23602381699999997
