
model: [1, -2, -3, -4, 5, ... , -275, -276, -277, 278, -279]
cost: 3541
real_time: 0.2182939052581787
cpu_time: 0.207822532
