
model: [1, -2, 3, -4, -5, ... , -973, 974, -975, 976, -977]
cost: 1884
real_time: 409.84071016311646
cpu_time: 409.612888911
