
model: [-1, 2, 3, -4, 5, ... , 536, 537, -538, -539, 540]
cost: 3401
real_time: 5.367527008056641
cpu_time: 12.175264439
