
model: [-1, -2, -3, 4, -5, ... , -802, -803, -804, 805, 806]
cost: 3184
real_time: 197.28249382972717
cpu_time: 691.958525166
