
model: [1, -2, 3, 4, 5, ... , 671, 672, -673, -674, 675]
cost: 984
real_time: 26.069792985916138
cpu_time: 26.06307403
