
model: [-1, -2, -3, 4, -5, ... , -802, -803, -804, 805, 806]
cost: 3184
real_time: 0.10542798042297363
cpu_time: 0.105408571
