
model: [-1, 2, -3, -4, 5, ... , 161, -162, -163, -164, 165]
cost: 47
real_time: 0.9873068332672119
cpu_time: 0.98705198
