
model: [1, 2, 3, 4, -5, ... , -963, 964, 965, -966, -967]
cost: 1830
real_time: 140.196364402771
cpu_time: 401.615449022
