
model: [-1, 2, -3, -4, 5, ... , -161, -162, -163, -164, 165]
cost: 47
real_time: 0.47936081886291504
cpu_time: 0.479330511
