
model: [1, -2, 3, -4, -5, ... , -973, 974, -975, 976, -977]
cost: 1884
real_time: 2.1110870838165283
cpu_time: 2.925882846
