
model: [1, 2, 3, 4, 5, ... , -876, 877, -878, 879, -880]
cost: 1801
real_time: 420.919953584671
cpu_time: 1436.0756118079998
