
model: [-1, 2, -3, -4, 5, ... , 161, -162, -163, -164, 165]
cost: 47
real_time: 127.6844584941864
cpu_time: 439.28649525099996
