
model: [-1, -2, -3, -4, -5, ... , 671, 672, -673, -674, 675]
cost: 984
real_time: 10.962913751602173
cpu_time: 27.943687699999998
