
model: [1, 2, 3, 4, 5, ... , 1051, -1052, 1053, -1054, 1055]
cost: 2508
real_time: 23.667442321777344
cpu_time: 58.243617066
