
model: [1, -2, 3, -4, -5, ... , -973, 974, -975, 976, -977]
cost: 1884
real_time: 415.921368598938
cpu_time: 1217.462594793
